defPwd <- 'Gobs4066'
appUsers <- c('sea084', 'mal181', 'sto275')